-15.6504 17.981 -0.934952
-15.2904 17.4439 -0.905718
-14.9361 16.9345 -0.87433
-14.5771 16.4127 -0.845668
-14.2254 15.9019 -0.815555
-13.8787 15.39 -0.786119
-13.5432 14.8828 -0.759457
-13.2105 14.3942 -0.735249
-12.8802 13.8946 -0.707541
-12.5809 13.3981 -0.679722
-12.2859 12.9335 -0.65299
-11.991 12.4564 -0.627488
-11.7131 12.0054 -0.605355
-11.4463 11.5595 -0.583097
-11.1792 11.1181 -0.557227
-10.9382 10.6805 -0.535416
-10.6906 10.2761 -0.509915
-10.4627 9.86466 -0.488483
-10.2446 9.47511 -0.469793
-10.0396 9.0947 -0.450305
-9.83425 8.73767 -0.43108
-9.653 8.39703 -0.412269
-9.48266 8.07391 -0.394938
-9.32233 7.76976 -0.381071
-9.17543 7.48671 -0.367274
-9.03769 7.22729 -0.356416
-8.91092 6.98643 -0.344524
-8.79544 6.74898 -0.3343
-8.67378 6.52951 -0.31911
-8.55843 6.30284 -0.30462
-8.43895 6.08029 -0.293211
-8.30612 5.86219 -0.281388
-8.18342 5.65718 -0.272079
-8.0546 5.45068 -0.256182
-7.93229 5.25298 -0.241156
-7.80436 5.06151 -0.22808
-7.65896 4.87293 -0.21442
-7.52115 4.69063 -0.202927
-7.37579 4.50787 -0.193505
-7.21846 4.31416 -0.181356
-7.04704 4.11426 -0.169513
-6.87432 3.91552 -0.152425
-6.66064 3.70293 -0.135607
-6.42545 3.49051 -0.119086
-6.18872 3.27507 -0.099313
-5.93014 3.0439 -0.0774167
-5.65363 2.82157 -0.056209
-5.36102 2.60118 -0.0395744
-5.0556 2.39038 -0.0262533
-4.7311 2.18727 -0.0124046
-4.38744 1.96284 0.00538275
-4.02082 1.76155 0.0196716
-3.63775 1.56121 0.0327293
-3.2076 1.35894 0.0457332
-2.75308 1.17556 0.0557153
-2.30588 0.993773 0.0614898
-1.81485 0.816138 0.0753803
-1.30402 0.639758 0.0868483
-0.77593 0.476357 0.103573
-0.210917 0.327911 0.109624
0.368433 0.213979 0.118248
0.987204 0.126272 0.117273
1.6026 0.0365914 0.132855
2.25438 -0.0247082 0.140275
2.93675 -0.0721384 0.153501
3.64404 -0.104046 0.165979
4.35998 -0.114335 0.181134
5.11118 -0.107698 0.193501
5.86026 -0.103045 0.209482
6.66091 -0.0722137 0.227201
7.44532 -0.0359566 0.237179
8.23267 0.00724658 0.251671
9.06957 0.0497153 0.262203
9.90508 0.084457 0.279767
10.7752 0.126544 0.294328
11.6538 0.170515 0.309543
12.5608 0.21847 0.324822
13.4555 0.265332 0.341657
14.3764 0.320122 0.35657
15.3236 0.376233 0.377512
16.276 0.424315 0.40261
17.234 0.480979 0.417794
18.2109 0.538098 0.441778
19.1947 0.595668 0.464955
20.1885 0.664355 0.483571
21.2082 0.738096 0.500714
22.2438 0.81202 0.518449
23.2696 0.898097 0.531928
24.3232 0.981122 0.54432
25.3747 1.06779 0.557518
26.4173 1.15339 0.567489
27.4916 1.25293 0.583476
28.5706 1.34865 0.604254
29.6549 1.44928 0.617334
30.7414 1.53724 0.643041
31.8356 1.63106 0.657024
32.8967 1.73237 0.672429
33.9777 1.83524 0.689742
35.0896 1.93981 0.711469
36.1821 2.04406 0.73135
37.2733 2.14355 0.752326
38.3902 2.24255 0.770379
39.5008 2.35475 0.781599
40.6105 2.44973 0.795196
41.7437 2.54861 0.810229
42.8393 2.64297 0.820735
43.9802 2.73386 0.837049
45.0865 2.81824 0.84978
46.2143 2.90496 0.870976
47.3578 2.99448 0.881948
48.481 3.07848 0.90418
49.6116 3.14893 0.925918
50.7709 3.231 0.95042
51.9022 3.30853 0.970161
53.0513 3.38594 0.994567
54.2377 3.46239 1.0125
55.3854 3.53093 1.03166
56.5841 3.60998 1.04905
57.7292 3.68452 1.05837
58.9034 3.76945 1.07034
60.0886 3.85655 1.08707
61.2528 3.95156 1.11067
62.4457 4.03907 1.13742
63.6546 4.12444 1.16307
64.8241 4.20986 1.18911
66.0074 4.28658 1.2134
67.2278 4.37187 1.24017
68.386 4.46409 1.25646
69.6024 4.54857 1.27342
70.7499 4.63364 1.28907
71.914 4.71338 1.31397
73.0908 4.79309 1.33991
74.2236 4.87179 1.37166
75.38 4.94153 1.41819
76.5705 5.02338 1.45239
77.7222 5.09363 1.48313
78.8936 5.16735 1.52066
80.0724 5.25156 1.54811
81.2217 5.33843 1.57005
82.386 5.4152 1.59195
83.5201 5.49973 1.60672
