8.83939 8.05062 0.130019
8.84249 8.04841 0.130062
8.84365 8.04256 0.130335
8.84726 8.06268 0.131693
8.84685 8.05592 0.131223
8.84958 8.06258 0.130643
8.84054 8.06993 0.130864
8.84476 8.0571 0.132218
8.84465 8.05362 0.131879
8.84812 8.07442 0.133215
8.8451 8.06986 0.132758
8.85135 8.07232 0.132421
8.84716 8.07828 0.131494
8.84659 8.06961 0.131261
8.84655 8.07318 0.131024
8.8503 8.0633 0.130729
8.8497 8.05786 0.130484
8.84729 8.07746 0.132101
8.84289 8.06629 0.132299
8.8479 8.06394 0.132048
8.84688 8.06436 0.131417
8.84528 8.06808 0.130838
8.8487 8.07102 0.13052
8.84724 8.06475 0.130373
8.84262 8.07256 0.132442
8.84002 8.06563 0.132
8.84311 8.06604 0.131219
8.84374 8.06242 0.131828
8.84625 8.06488 0.130767
8.84727 8.06393 0.130107
8.84827 8.05866 0.12999
8.84688 8.07939 0.131432
8.84273 8.07715 0.131604
8.84802 8.07983 0.130853
8.84728 8.08634 0.130377
8.84789 8.08667 0.130675
8.84644 8.08427 0.129635
8.84604 8.08656 0.133032
8.84552 8.08133 0.132919
8.84427 8.08935 0.131324
8.84695 8.08681 0.130497
8.8504 8.08007 0.129028
8.85457 8.06854 0.128702
8.85526 8.05308 0.129238
8.86044 8.04202 0.133054
8.86716 8.02444 0.13378
8.8771 8.00745 0.134759
8.88185 7.98868 0.134258
8.89255 7.95966 0.134035
8.90829 7.91841 0.134469
8.93137 7.84375 0.137523
8.9684 7.75752 0.140956
9.00466 7.63913 0.14952
9.06276 7.50262 0.155747
9.12374 7.34831 0.160461
9.20288 7.16006 0.169268
9.28883 6.95864 0.179212
9.39917 6.72856 0.18615
9.52405 6.49168 0.194293
9.65357 6.25235 0.21248
9.83066 5.97667 0.224518
10.0224 5.71003 0.230382
10.2458 5.42188 0.253103
10.4841 5.13749 0.26985
10.7424 4.86013 0.281339
11.0396 4.54669 0.292314
11.3479 4.25899 0.300711
11.6719 3.97964 0.317691
12.0591 3.6828 0.327296
12.4386 3.41098 0.342168
12.8934 3.11773 0.357127
13.3549 2.85031 0.365675
13.83 2.60752 0.383629
14.3748 2.35212 0.386654
14.915 2.13245 0.399845
15.5299 1.88919 0.417001
16.1455 1.68312 0.419839
16.7826 1.48439 0.435889
17.472 1.28313 0.4501
18.1668 1.11047 0.472783
18.913 0.961804 0.481454
19.6625 0.847347 0.496483
20.4653 0.748234 0.516252
21.2714 0.663891 0.537069
22.0936 0.615894 0.558108
22.9685 0.581778 0.581881
23.849 0.560983 0.606013
24.7333 0.560522 0.637741
25.6674 0.564806 0.670148
26.6157 0.571443 0.699384
27.5843 0.599251 0.732139
28.5677 0.607959 0.762963
29.577 0.635381 0.794775
30.6271 0.662892 0.83025
31.6681 0.690069 0.863203
32.7523 0.720568 0.89466
33.8593 0.74694 0.928401
34.9903 0.76553 0.959373
36.1245 0.795895 0.990168
37.2754 0.819196 1.01693
38.4135 0.859543 1.04657
39.5589 0.88467 1.07257
40.7093 0.930614 1.10075
41.8537 0.96008 1.12601
43.0019 0.987439 1.15393
44.1378 1.02131 1.18271
45.2842 1.05287 1.21557
46.4254 1.0967 1.2443
47.5426 1.15247 1.27611
48.7056 1.19301 1.30433
49.8336 1.22797 1.33095
50.9566 1.28333 1.35589
52.1036 1.32424 1.38925
53.2208 1.36161 1.41831
54.3601 1.40842 1.45343
55.4538 1.44342 1.48978
56.5812 1.47658 1.52878
57.6798 1.50861 1.56154
58.8022 1.54921 1.59082
59.9298 1.58242 1.61545
61.0239 1.62697 1.63852
62.1206 1.65898 1.66518
63.1904 1.69418 1.69562
64.2898 1.74896 1.72492
65.3968 1.78082 1.76363
66.4802 1.82756 1.79731
67.5886 1.86361 1.8302
68.6574 1.90035 1.86241
69.749 1.92536 1.89471
70.8332 1.96168 1.92731
71.9207 1.99601 1.95531
73.0049 2.03559 1.98195
74.0643 2.06607 2.00746
75.1488 2.11199 2.0371
76.2346 2.15417 2.06674
77.2868 2.17975 2.09826
78.3687 2.22184 2.12618
79.4274 2.26185 2.15252
80.4846 2.29775 2.17568
81.5436 2.34354 2.20075
82.5767 2.38502 2.22094
83.6424 2.42653 2.24531
84.6698 2.47037 2.27268
85.7086 2.50495 2.29717
86.7521 2.54547 2.32295
87.8095 2.59425 2.34364
88.8584 2.62796 2.36925
89.8717 2.67685 2.38983
90.9359 2.71321 2.41605
91.947 2.74861 2.43639
92.9946 2.78438 2.46112
94.0045 2.82283 2.48302
95.0276 2.85322 2.50301
96.079 2.8807 2.52291
97.0793 2.91001 2.54565
98.1103 2.94417 2.56991
99.0928 2.96901 2.59604
100.133 2.99318 2.62795
101.133 3.01555 2.65764
102.146 3.03134 2.68376
103.153 3.04957 2.70965
104.157 3.05774 2.73329
105.143 3.06194 2.75403
106.11 3.057 2.7785
107.088 3.06891 2.80807
108.079 3.07825 2.84603
109.082 3.08557 2.88512
110.076 3.08343 2.9229
111.11 3.09489 2.9553
112.137 3.09565 2.97796
113.179 3.11644 3.00792
114.242 3.12967 3.02348
115.298 3.14729 3.03417
116.378 3.15839 3.04516
117.445 3.17245 3.04921
118.527 3.18785 3.05842
119.602 3.19704 3.06944
120.662 3.20206 3.09156
121.757 3.21814 3.13395
122.855 3.23628 3.15509
123.987 3.26263 3.19188
125.112 3.2875 3.21978
126.245 3.31444 3.24656
127.377 3.33821 3.27669
128.537 3.36539 3.31408
129.66 3.40592 3.33892
130.837 3.42635 3.36803
131.968 3.4519 3.39289
133.14 3.48711 3.41701
134.277 3.51823 3.44427
135.432 3.55704 3.47324
136.573 3.59197 3.50475
137.71 3.62778 3.53156
138.863 3.66529 3.56095
139.986 3.70461 3.59154
141.115 3.74653 3.62572
142.253 3.77947 3.6563
143.371 3.83024 3.68765
144.551 3.85968 3.71636
145.645 3.90694 3.73666
146.794 3.94717 3.7729
147.886 3.99619 3.80528
148.981 4.04911 3.84218
150.099 4.08919 3.87536
151.167 4.13441 3.91254
152.257 4.18013 3.94984
153.335 4.21531 3.98125
154.382 4.24804 4.01482
155.438 4.28431 4.04161
156.484 4.31211 4.06925
157.516 4.34325 4.09621
158.551 4.37846 4.12322
159.556 4.40497 4.14743
160.597 4.43652 4.18099
161.578 4.47344 4.19924
162.591 4.48931 4.23647
163.589 4.50828 4.26148
164.619 4.52757 4.29199
165.601 4.55183 4.31042
166.601 4.57702 4.343
167.595 4.62012 4.36765
168.594 4.65556 4.39527
169.621 4.6752 4.4275
170.654 4.7047 4.46724
171.661 4.73115 4.49078
172.705 4.73272 4.53157
173.772 4.75737 4.56282
174.805 4.77468 4.58202
175.888 4.80568 4.59433
176.929 4.81016 4.61421
177.982 4.83728 4.62119
179.035 4.88175 4.62176
180.083 4.92198 4.6414
181.146 4.9633 4.6527
182.262 4.98928 4.68113
183.317 5.03409 4.69784
184.45 5.08863 4.72768
185.572 5.10816 4.76127
186.657 5.16513 4.78415
187.794 5.19744 4.818
188.892 5.23507 4.84478
190.004 5.2838 4.87118
191.161 5.32261 4.89962
192.283 5.35891 4.93072
193.401 5.38581 4.96193
194.506 5.41291 4.99551
195.632 5.46216 5.02793
196.748 5.50145 5.05483
197.886 5.53464 5.08759
199.005 5.57299 5.11401
200.112 5.60677 5.14708
201.235 5.63552 5.16316
202.327 5.66518 5.2022
203.424 5.70607 5.22157
204.519 5.75081 5.25091
205.597 5.78293 5.26807
206.657 5.81253 5.29067
207.714 5.83606 5.30738
208.764 5.85885 5.33179
209.784 5.88517 5.34675
210.768 5.90836 5.36803
211.747 5.91355 5.38757
212.695 5.93964 5.41308
213.651 5.95804 5.42889
214.596 5.97864 5.45528
215.524 5.99013 5.47186
216.47 6.00483 5.49284
217.393 6.03501 5.51318
218.347 6.05301 5.53451
219.244 6.0754 5.55343
220.213 6.09446 5.57221
221.103 6.10336 5.58828
222.019 6.11956 5.60563
222.965 6.1332 5.62739
223.839 6.14577 5.64315
224.798 6.16418 5.6587
225.737 6.17195 5.67626
226.65 6.18721 5.70165
227.547 6.21222 5.71725
228.484 6.22057 5.74069
229.396 6.23024 5.78305
230.317 6.24111 5.8153
231.27 6.28746 5.85132
232.244 6.32018 5.87715
233.216 6.37736 5.90103
234.156 6.44086 5.91597
235.148 6.48355 5.92337
236.1 6.53849 5.93955
237.091 6.59529 5.93059
238.097 6.66661 5.94414
239.118 6.71577 5.95185
240.149 6.76126 5.96986
241.163 6.82116 5.97216
242.21 6.86513 5.99633
243.27 6.92814 6.01323
244.344 6.98407 6.03346
245.414 7.04329 6.05972
246.52 7.09982 6.07856
247.644 7.15573 6.1015
248.763 7.20767 6.11678
249.895 7.25677 6.13563
251.025 7.30504 6.15159
252.178 7.35397 6.16621
253.319 7.40077 6.19981
254.506 7.45496 6.22531
255.669 7.50261 6.24988
256.868 7.56028 6.27612
258.032 7.60459 6.29481
259.206 7.65891 6.31294
260.363 7.71402 6.33176
261.527 7.76512 6.35397
262.676 7.82148 6.37827
263.822 7.86797 6.39754
265 7.92749 6.42839
266.131 7.96838 6.453
267.295 8.01672 6.47685
268.451 8.06225 6.49419
269.567 8.10712 6.51937
270.715 8.16603 6.53583
271.834 8.21688 6.55677
272.973 8.26664 6.57938
