0 0 0
0.264472 0.00580637 -0.00160554
0.538138 0.0127279 0.00230494
0.839427 0.0213537 0.000647826
1.15667 0.0311035 0.0010731
1.48768 0.0426405 0.00442478
1.84056 0.0564895 0.00545357
2.2098 0.0714941 0.00783458
2.59512 0.0883348 0.0100884
2.9959 0.107584 0.0138597
3.41233 0.128053 0.0153243
3.83711 0.149852 0.0210728
4.28086 0.172226 0.0252822
4.7346 0.19539 0.0298346
5.2041 0.219671 0.0353223
5.68853 0.245494 0.0415101
6.1808 0.269802 0.0510226
6.67764 0.293278 0.0608016
7.1933 0.318461 0.0655182
7.72501 0.345539 0.0666249
8.24829 0.378482 0.0797063
8.80034 0.407039 0.0946216
9.34243 0.43224 0.122568
9.90929 0.457406 0.139697
10.4796 0.488846 0.155065
11.0525 0.517174 0.171142
11.6404 0.542579 0.18164
12.2322 0.566947 0.192005
12.8306 0.594096 0.204163
13.4293 0.622234 0.229021
14.0396 0.647595 0.254114
14.6517 0.671647 0.280248
15.2814 0.697066 0.295513
15.9053 0.722072 0.310659
16.5528 0.746592 0.310902
17.1952 0.772822 0.319667
17.8443 0.797513 0.328227
18.4884 0.818444 0.340397
19.1599 0.840468 0.344548
19.8174 0.865261 0.358546
20.4879 0.893014 0.36465
21.1637 0.917004 0.367429
21.8468 0.938454 0.36292
22.5282 0.962584 0.352848
23.2104 0.987952 0.342041
23.8956 1.01043 0.342755
24.5991 1.03017 0.340433
25.2842 1.05093 0.342827
25.9852 1.07327 0.332817
26.6923 1.09683 0.317538
27.4008 1.11992 0.303006
28.1102 1.14335 0.293404
28.8186 1.1673 0.291919
29.5368 1.19371 0.28836
30.2516 1.22035 0.286902
30.9803 1.24949 0.2835
31.7089 1.27529 0.275752
32.4501 1.30307 0.25072
33.179 1.3328 0.226092
33.9211 1.36152 0.211232
34.6575 1.38818 0.217355
35.3972 1.41442 0.22143
36.1726 1.4426 0.20017
36.9256 1.47199 0.18408
37.6791 1.50182 0.162862
38.4329 1.53155 0.149182
39.1943 1.56068 0.141035
39.9653 1.59149 0.131308
40.7195 1.62165 0.128847
41.4918 1.65232 0.118497
42.2542 1.68074 0.113832
43.0156 1.70975 0.10861
43.7716 1.74053 0.111858
44.5469 1.77232 0.104898
45.2957 1.80314 0.108398
46.0674 1.83614 0.104035
46.8235 1.86925 0.107594
47.5963 1.90352 0.101529
48.3467 1.93615 0.102306
49.1083 1.96882 0.100128
49.8608 2.00207 0.101558
50.613 2.03397 0.100675
51.363 2.06623 0.101328
52.1131 2.09649 0.103887
52.8698 2.12726 0.0989424
53.6118 2.15821 0.105353
54.36 2.18813 0.111362
55.1057 2.21713 0.118126
55.8463 2.24552 0.124923
56.5775 2.27259 0.136949
57.3209 2.29888 0.140903
58.05 2.32566 0.152708
58.7977 2.35107 0.147866
59.5297 2.37554 0.150748
60.2757 2.40124 0.149477
61.0129 2.42562 0.150993
61.7381 2.44741 0.15731
62.472 2.47095 0.157885
63.205 2.49411 0.158754
63.9363 2.51535 0.163599
64.6677 2.53677 0.168261
65.3799 2.558 0.178934
66.1032 2.58069 0.185716
66.8255 2.60286 0.192939
67.5354 2.62365 0.204159
68.2505 2.64575 0.20846
68.9626 2.6679 0.217409
69.68 2.68933 0.22341
70.3825 2.71081 0.233689
71.0972 2.73369 0.239398
71.8106 2.75652 0.244393
72.5109 2.77903 0.251961
73.2237 2.80302 0.255388
73.9196 2.82699 0.267037
74.644 2.85243 0.264424
75.3402 2.87653 0.273302
76.0369 2.90155 0.281448
76.7321 2.92684 0.286696
77.4251 2.95261 0.289215
78.1095 2.97829 0.290344
78.7726 3.00271 0.303307
79.4492 3.02891 0.307562
80.0895 3.05564 0.318449
80.7398 3.08203 0.314042
81.3594 3.10569 0.313563
81.9848 3.13133 0.304698
82.5744 3.15726 0.307214
83.1586 3.18138 0.308066
83.7244 3.20452 0.312022
84.273 3.22741 0.315919
84.8109 3.24932 0.319185
85.3336 3.27005 0.321996
85.8348 3.28937 0.327475
86.3226 3.30855 0.335576
86.7955 3.32738 0.344787
87.2547 3.34465 0.349825
87.6871 3.35952 0.354276
88.1115 3.37436 0.356491
88.5266 3.39169 0.357053
88.9132 3.40683 0.364334
89.3006 3.42202 0.363948
89.656 3.43426 0.371905
90.0161 3.44335 0.370128
90.344 3.45485 0.372011
90.6665 3.4632 0.370765
90.9702 3.47087 0.372759
91.2583 3.47621 0.374317
91.5344 3.48145 0.375833
91.789 3.48621 0.382763
92.039 3.48984 0.383396
92.2651 3.49121 0.386706
92.493 3.49306 0.383003
92.6895 3.49406 0.388595
92.8775 3.49559 0.391646
93.0573 3.49519 0.391894
93.2146 3.49353 0.397194
93.3692 3.49181 0.397185
93.5065 3.49272 0.399039
93.6325 3.49265 0.40013
93.7447 3.49288 0.401567
93.8527 3.49335 0.399765
93.9417 3.49134 0.401862
94.0147 3.4913 0.405286
94.0829 3.49062 0.406542
94.1413 3.49061 0.408115
94.188 3.48992 0.411105
94.2295 3.48941 0.412769
94.2637 3.48917 0.414306
94.3035 3.4888 0.409753
94.327 3.48798 0.410816
94.3473 3.48756 0.410342
94.3603 3.48723 0.410179
94.375 3.48672 0.406616
94.3804 3.48576 0.406207
94.3714 3.48466 0.411665
94.3694 3.48416 0.411737
94.3715 3.48343 0.409085
94.3696 3.48261 0.408983
94.3722 3.48168 0.407355
94.3777 3.48113 0.405821
94.3909 3.48019 0.403045
94.4197 3.47905 0.397538
94.4564 3.47803 0.395183
94.4988 3.47672 0.399183
94.5681 3.47539 0.398927
94.655 3.4736 0.400365
94.7702 3.4721 0.397425
94.893 3.46992 0.400855
95.0426 3.46882 0.401978
95.2168 3.46777 0.401541
95.4059 3.46704 0.404287
95.6216 3.46758 0.404642
95.8539 3.46755 0.407135
96.1123 3.4675 0.405062
96.3817 3.4677 0.405235
96.6525 3.46816 0.412783
96.9241 3.47049 0.422009
97.1891 3.47413 0.428192
97.4398 3.48118 0.434171
97.6761 3.48761 0.440092
97.8858 3.493 0.449121
98.065 3.49824 0.4586
98.2266 3.50595 0.458025
98.3594 3.51267 0.45683
98.4623 3.51803 0.458535
98.5567 3.52478 0.454587
98.6197 3.53107 0.45606
98.6684 3.5361 0.455668
98.7009 3.54072 0.456858
98.7241 3.54604 0.456714
98.7536 3.5506 0.449111
98.762 3.55294 0.449006
98.7647 3.55593 0.449268
98.767 3.55918 0.448862
98.7625 3.56166 0.451189
98.762 3.56361 0.451328
98.763 3.5651 0.451358
98.765 3.56666 0.452731
98.7663 3.56753 0.454093
98.763 3.56803 0.456818
98.7633 3.56869 0.458061
98.7633 3.56823 0.460122
98.7636 3.56786 0.461625
98.7626 3.56771 0.463398
98.7622 3.56732 0.464858
98.7625 3.56619 0.466036
98.7624 3.56515 0.467679
98.762 3.56375 0.468628
98.7616 3.56224 0.469407
98.7614 3.5612 0.470431
98.7615 3.55982 0.471105
98.7608 3.55808 0.471547
98.7612 3.5567 0.47142
98.7608 3.55516 0.471704
98.7609 3.55355 0.471204
98.7602 3.55193 0.471077
98.7605 3.55047 0.470174
98.76 3.54911 0.469724
98.7602 3.54785 0.468651
98.7595 3.54671 0.467735
98.7609 3.5456 0.465826
98.765 3.54474 0.463722
98.7661 3.54371 0.46556
98.7853 3.54304 0.462422
98.8197 3.54277 0.458251
98.8661 3.54271 0.456589
98.9234 3.54261 0.459835
99.0051 3.54283 0.461215
99.1187 3.54418 0.456482
99.2354 3.54561 0.459875
99.369 3.54774 0.463735
99.5388 3.55178 0.457154
99.72 3.55615 0.454377
99.922 3.5611 0.451767
100.134 3.56609 0.456239
100.375 3.57201 0.456376
100.639 3.57853 0.455561
100.91 3.58637 0.46116
101.212 3.59641 0.461054
101.535 3.60633 0.46354
101.864 3.61853 0.472645
102.218 3.63233 0.478252
102.585 3.64605 0.484309
102.97 3.66256 0.490422
103.375 3.68088 0.49468
103.788 3.70123 0.500002
104.214 3.72151 0.50749
104.658 3.74294 0.514783
105.123 3.76584 0.519225
105.596 3.7895 0.525218
106.086 3.81582 0.53022
106.588 3.84272 0.533781
107.097 3.87025 0.540298
107.623 3.89587 0.550289
108.166 3.92321 0.557709
108.713 3.95265 0.568685
109.274 3.98053 0.576945
109.849 4.00897 0.585373
110.432 4.03713 0.592124
111.018 4.06469 0.591099
111.634 4.09245 0.575732
112.244 4.12183 0.570787
112.862 4.15295 0.569234
113.492 4.18345 0.57316
114.137 4.21235 0.572104
114.78 4.2408 0.570171
115.437 4.2726 0.567634
116.105 4.30365 0.566584
116.776 4.33475 0.569614
117.449 4.36471 0.571772
118.141 4.39513 0.566871
118.828 4.42633 0.564572
119.52 4.45931 0.558722
120.217 4.492 0.553665
120.924 4.52376 0.545476
121.633 4.55575 0.537536
122.352 4.58791 0.525928
123.068 4.61964 0.523906
123.798 4.65251 0.518534
124.518 4.68499 0.519709
125.256 4.7174 0.507025
125.98 4.74967 0.50526
126.73 4.78572 0.493399
127.471 4.82075 0.487158
128.221 4.8572 0.479909
128.966 4.89354 0.473537
129.713 4.93013 0.465039
130.46 4.96748 0.463947
131.229 5.00632 0.45518
131.982 5.0423 0.454189
132.745 5.07999 0.450551
133.516 5.11749 0.443858
134.284 5.15368 0.440587
135.055 5.18992 0.435726
135.821 5.22659 0.439588
136.598 5.26169 0.441176
137.365 5.29578 0.446308
138.137 5.32962 0.447739
138.894 5.36233 0.44926
139.627 5.39387 0.452429
140.336 5.42515 0.451739
141.033 5.45556 0.44894
141.726 5.48613 0.440173
142.396 5.51513 0.438794
143.058 5.54264 0.436002
143.724 5.56917 0.433254
144.387 5.59418 0.430538
145.047 5.62084 0.427843
145.708 5.64572 0.426788
146.376 5.67099 0.423561
147.041 5.69559 0.422268
147.705 5.71939 0.423873
148.387 5.74284 0.418552
149.062 5.76565 0.416826
149.744 5.78678 0.414271
150.43 5.80913 0.411752
151.123 5.83145 0.409755
151.811 5.85124 0.412394
152.517 5.87194 0.406172
153.21 5.89506 0.404977
153.921 5.91964 0.398097
154.621 5.94234 0.400747
155.335 5.96588 0.39887
156.039 5.99083 0.401617
156.764 6.01817 0.398045
157.48 6.04573 0.399167
158.193 6.07364 0.401574
158.911 6.10219 0.399218
159.607 6.13081 0.402191
160.311 6.16089 0.400175
160.992 6.19093 0.40488
161.657 6.22059 0.407072
162.303 6.25024 0.408332
162.916 6.28036 0.409492
163.486 6.30994 0.411324
164.025 6.33832 0.41043
164.537 6.36563 0.404388
164.999 6.39259 0.403328
165.444 6.41839 0.397412
165.859 6.4424 0.395053
166.263 6.46586 0.387801
166.641 6.48824 0.386301
167.018 6.51053 0.383283
167.388 6.53194 0.380122
167.753 6.55222 0.37667
168.126 6.57332 0.369882
168.488 6.59367 0.369019
168.868 6.61407 0.360316
169.245 6.63209 0.359172
169.633 6.64936 0.357374
170.043 6.6673 0.350763
170.458 6.685 0.349057
170.891 6.70347 0.346533
171.341 6.71925 0.343738
171.796 6.73533 0.3429
172.261 6.75192 0.342862
172.735 6.77112 0.34018
173.214 6.78929 0.337581
173.701 6.80687 0.336093
174.198 6.82465 0.332575
174.687 6.843 0.334171
175.195 6.86141 0.330256
175.703 6.87904 0.330132
176.217 6.89685 0.329431
176.738 6.91541 0.325514
177.265 6.93399 0.32229
177.787 6.95141 0.322708
178.318 6.96941 0.322011
178.842 6.98873 0.324658
179.378 7.00718 0.324271
179.915 7.02513 0.321957
180.447 7.04281 0.320189
180.986 7.06078 0.319604
181.527 7.08024 0.319938
182.063 7.0981 0.322345
182.599 7.11765 0.323625
183.136 7.13591 0.324305
183.668 7.15413 0.326348
184.2 7.17335 0.32889
184.736 7.19198 0.327137
185.258 7.21083 0.334323
185.796 7.2298 0.331784
186.334 7.2487 0.337409
186.848 7.26783 0.335341
187.375 7.28607 0.336739
187.889 7.3035 0.342409
188.418 7.32191 0.342221
188.936 7.33895 0.347158
189.462 7.35667 0.345554
189.99 7.37332 0.347893
190.529 7.38938 0.347282
191.062 7.40491 0.352088
191.618 7.42067 0.349601
192.163 7.43579 0.354025
192.732 7.45077 0.348769
193.276 7.4653 0.354611
193.838 7.47985 0.352161
194.388 7.49375 0.356502
194.934 7.50679 0.358459
195.477 7.51922 0.355332
196.005 7.53126 0.356947
196.527 7.54249 0.355917
197.028 7.55234 0.356905
197.521 7.56355 0.35635
198.003 7.57474 0.353946
198.469 7.58575 0.351684
198.915 7.59524 0.352157
199.355 7.60424 0.347416
199.774 7.61239 0.34535
200.183 7.62092 0.341317
200.56 7.62952 0.345439
200.947 7.63955 0.336253
201.295 7.64844 0.338495
201.647 7.65459 0.3326
201.966 7.66227 0.337003
202.282 7.67089 0.335519
202.58 7.6775 0.335644
202.863 7.68363 0.335619
203.13 7.69083 0.336936
203.38 7.69433 0.340119
203.624 7.69821 0.33863
203.854 7.7009 0.337312
204.061 7.70347 0.341592
204.266 7.70774 0.341531
204.446 7.71082 0.347681
204.62 7.71368 0.348431
204.785 7.71885 0.346563
204.929 7.72308 0.349892
205.067 7.72477 0.348834
205.19 7.72653 0.34831
205.301 7.72699 0.348169
205.401 7.72786 0.34853
205.493 7.72907 0.346654
205.573 7.73229 0.346526
205.639 7.73138 0.348789
205.697 7.7341 0.350497
205.751 7.73604 0.350629
205.805 7.73475 0.346707
205.845 7.73379 0.347465
205.877 7.73525 0.348198
205.907 7.73573 0.347795
205.93 7.73551 0.349356
205.952 7.73569 0.349948
205.972 7.73671 0.350511
205.989 7.73771 0.351675
206.011 7.73805 0.34886
206.024 7.73824 0.349454
206.036 7.7383 0.349133
206.039 7.73823 0.354214
206.05 7.73801 0.355264
206.061 7.73794 0.356176
206.077 7.73782 0.355411
206.103 7.73737 0.3533
206.135 7.73717 0.353165
206.175 7.73697 0.355216
206.224 7.7367 0.357114
206.286 7.73668 0.354788
206.35 7.73628 0.355451
206.414 7.73607 0.358639
206.485 7.73594 0.361879
206.565 7.73575 0.363742
206.646 7.73597 0.367577
206.739 7.73664 0.368323
206.839 7.7377 0.36808
206.935 7.73854 0.371842
207.043 7.73933 0.371216
207.143 7.74063 0.376272
207.261 7.74304 0.372312
207.376 7.74507 0.373224
207.49 7.74765 0.375947
207.612 7.75117 0.378436
207.751 7.75442 0.377625
207.895 7.75867 0.379047
208.047 7.76461 0.382109
208.221 7.77106 0.381909
208.401 7.7784 0.385962
208.605 7.78798 0.384467
208.82 7.79806 0.384781
209.051 7.80856 0.380165
209.299 7.82346 0.376502
209.554 7.84162 0.383605
209.82 7.86104 0.393858
210.109 7.88486 0.399847
210.391 7.91165 0.412288
210.704 7.94133 0.409869
211.012 7.97125 0.413471
211.343 8.00669 0.407726
211.672 8.04847 0.412406
212.015 8.09646 0.416672
212.35 8.1458 0.429464
212.69 8.20052 0.435686
213.005 8.25457 0.446445
213.302 8.31176 0.451216
213.575 8.36878 0.453596
213.813 8.42105 0.458148
214.029 8.47144 0.459967
214.205 8.51413 0.467178
214.365 8.55686 0.46694
214.498 8.59526 0.466358
214.607 8.62761 0.466272
214.696 8.65564 0.466637
214.759 8.67661 0.471037
214.81 8.69453 0.471898
214.846 8.70909 0.471379
214.868 8.71964 0.47111
214.887 8.72633 0.467628
214.895 8.72967 0.466865
214.901 8.7328 0.464324
214.903 8.73375 0.463315
214.902 8.73349 0.462369
214.9 8.7316 0.463005
214.901 8.73055 0.462518
214.9 8.72828 0.463991
214.9 8.72628 0.46361
214.9 8.72368 0.464199
214.9 8.72105 0.464568
214.9 8.72054 0.465423
214.9 8.71717 0.465231
214.9 8.71436 0.465223
214.9 8.7136 0.465627
214.9 8.71202 0.46604
214.9 8.7107 0.465999
214.9 8.7092 0.466151
214.9 8.70795 0.465995
214.9 8.70649 0.465939
214.9 8.70495 0.465583
214.9 8.70352 0.46535
214.901 8.70232 0.464744
214.901 8.70099 0.464213
214.901 8.69991 0.463391
214.901 8.69876 0.462808
214.901 8.69782 0.461907
214.901 8.69667 0.461169
214.901 8.69561 0.460082
214.901 8.69487 0.459214
214.901 8.69418 0.45807
214.9 8.69339 0.457298
214.9 8.69277 0.45625
214.9 8.6924 0.45479
214.9 8.692 0.453717
214.9 8.69178 0.451946
214.906 8.69318 0.448627
214.91 8.69384 0.450188
214.938 8.70069 0.446212
214.992 8.71428 0.438683
215.058 8.73078 0.437088
215.151 8.75465 0.435217
215.268 8.78536 0.43584
215.411 8.82324 0.437908
215.58 8.86888 0.442594
215.79 8.92884 0.440063
216.017 8.99513 0.442021
216.281 9.07418 0.44021
216.565 9.15941 0.446525
216.881 9.25957 0.450807
