-0.0103137 -0.00636529 -0.00391581
-0.000218121 -0.0102095 -0.00292381
0.00130368 -0.00854585 -0.00219324
0.00307136 -0.00700768 -0.00225096
-0.000139713 -0.0096126 0.00118502
0.00283418 -0.0087443 -0.00291274
-0.00127188 -0.00958873 -0.00161326
0.00301392 -0.00943118 -0.00297839
-0.00212824 -0.00936715 -0.00285727
0.00228659 -0.010059 -0.00346952
-0.0022116 -0.0104916 -0.00227625
0.000851032 -0.00875253 -0.00331161
-0.00212492 -0.00991261 -0.0020012
0.00298351 -0.00654671 -0.00346049
-3.31614e-05 -0.00505119 -0.00176516
0.00504761 -0.00535002 -0.00162005
0.00132328 -0.002413 -0.00169142
0.00514026 -0.00568184 -0.00223665
0.00245252 -0.00229038 -0.000782084
0.00720604 -0.00382719 -0.00158938
0.0025712 -0.00456906 -0.00188488
0.00733502 -0.00400181 -0.00164291
0.00262417 -0.00464324 -0.00168922
0.00748684 -0.00556567 -0.00176413
0.00288333 -0.0059624 -0.00285487
0.00334913 -0.00924889 -0.00322942
0.00171303 -0.00524687 -0.00298987
0.00433131 -0.00853353 -0.00114143
0.002794 -0.00343031 -0.001132
0.00604093 -0.00655076 -0.00255384
0.0029519 -0.00232228 -0.00201365
0.00708787 -0.0046942 -0.00150923
0.00212722 -0.00361567 -0.00262109
0.00656269 -0.00452525 -0.00367585
0.00212144 -0.0025324 -0.00139451
0.00502058 -0.00629968 0.00227771
0.00213853 -0.00328084 -0.000978475
0.00670792 -0.00338945 -0.00211962
0.00187245 -0.00597063 -0.00214895
0.00604769 -0.00483935 -0.00255511
0.00212708 -0.00914436 -0.00259596
0.00556712 -0.00844094 -0.00176683
-0.000831816 -0.00686744 -0.0020582
0.00217511 -0.00849587 -0.00278618
0.00535936 -0.00991874 -0.00269569
-0.000504588 -0.00767294 -0.0022426
0.00314164 -0.00782131 -0.00247377
0.00647943 -0.00925597 -0.00177775
0.000787882 -0.00678971 -0.00222707
0.00242704 -0.010108 -0.00306102
0.00639289 -0.00796575 -0.0040375
0.00107927 -0.00799113 -0.00232181
0.00445184 -0.0108964 -0.00341907
0.000312092 -0.00721124 -0.00277975
0.00345124 -0.00889447 -0.00246362
0.00119437 -0.00351613 -0.00387579
0.00308111 -0.00541389 -0.00235579
0.00477949 -0.00262109 0.000387884
0.00238129 -0.00526887 -0.00342933
0.0047259 -0.0021041 -0.000240104
0.00271217 -0.00543515 0.000112549
0.00481264 -0.00121257 -0.00231857
0.00136522 -0.00429091 -0.000878581
0.00379111 0.00237368 -0.00214431
0.00630714 0.00941148 -0.00335316
0.0104742 0.0112393 -0.00414225
0.0115035 0.0187394 -0.00283222
0.0140159 0.0150291 -0.000300955
0.0122884 0.00800274 0.00275723
0.0194976 -0.0024272 -0.00155421
0.0194751 -0.0061957 -0.00260197
0.015853 0.00403622 -0.00139703
0.0237882 0.0014028 -0.00247782
0.041123 0.0051764 -0.00116735
0.0648885 0.000844974 -0.00281886
0.0809713 0.0150549 -0.00352581
0.0914313 0.0190581 -0.00370876
0.103343 0.0123687 -0.00300733
0.110181 0.0136993 -0.00499526
0.123967 0.0105323 -0.00269726
0.126922 0.00631933 -0.00468378
0.137566 0.00716631 -0.00397356
0.144796 -0.00098276 -0.00474827
0.153458 0.00437479 -0.00444912
0.173428 0.00858246 -0.00298592
0.187711 0.00934708 -0.0014245
0.192464 0.00505521 -0.00287958
0.216636 0.00293921 -0.00298136
0.232582 0.00309891 -0.00252203
0.256189 -0.00911431 -0.00244385
0.271774 -0.012955 -0.00487472
0.290375 -0.0101568 -0.00237627
0.305561 -0.0150305 -0.00330009
0.313462 -0.0189374 -0.00696661
0.33319 -0.0184646 -0.00363806
0.355094 -0.0305914 -0.00362769
0.385955 -0.0408914 -0.00288101
0.408819 -0.0566095 -0.00218914
0.424099 -0.0602098 -0.00378235
0.455985 -0.0673229 -0.00282746
0.473806 -0.0704077 -0.0022804
0.485808 -0.0805335 -0.00107629
0.511485 -0.088402 -0.00138418
0.526488 -0.0938452 -0.00223603
0.546327 -0.107637 -0.00151844
0.563428 -0.110108 -0.000523424
0.58912 -0.119831 -0.000701361
0.612132 -0.122617 -0.000683289
0.627651 -0.13249 7.42459e-05
0.643494 -0.131279 3.47765e-05
0.665276 -0.139045 0.00113305
0.6823 -0.144835 0.000393821
0.709163 -0.14908 0.00177245
0.726483 -0.156433 0.0019438
0.750413 -0.163058 0.0018581
0.767317 -0.172344 0.00430942
0.79549 -0.181357 0.00224264
0.822907 -0.189882 -0.000534717
0.843058 -0.190945 0.00342172
0.870268 -0.199443 0.00227186
0.894404 -0.207906 -0.000492589
0.915533 -0.215717 0.00516491
0.940706 -0.220641 0.000212659
0.964834 -0.231957 0.00492444
0.995725 -0.237801 0.00157529
1.02329 -0.246254 0.00501718
1.04367 -0.253749 0.00247442
1.06776 -0.262269 0.000998152
1.0958 -0.263289 0.00601161
1.11768 -0.272715 0.00397391
1.14026 -0.281278 0.00176177
1.16944 -0.287975 0.00574735
1.19154 -0.296548 0.00303123
1.22067 -0.303741 0.0022641
1.24456 -0.311414 0.00425583
1.27183 -0.320049 0.00354804
1.29476 -0.327609 0.00182278
1.32659 -0.33545 0.00669745
1.34879 -0.341462 0.00634378
1.37993 -0.354004 0.00655483
1.40849 -0.35774 0.00994703
1.43975 -0.372534 0.00695367
1.46558 -0.380361 0.00946961
1.49864 -0.389442 0.00973356
1.53031 -0.399323 0.0108855
1.5625 -0.406919 0.0135426
1.60186 -0.415209 0.00925307
1.63053 -0.426451 0.00940883
1.66467 -0.437116 0.0107177
1.68985 -0.444792 0.011845
1.72405 -0.45415 0.0105914
1.76618 -0.465935 0.00818096
1.79798 -0.474467 0.011086
1.82038 -0.481661 0.0111509
1.84733 -0.49055 0.00964793
1.87368 -0.498668 0.00834045
1.90614 -0.507503 0.0162025
1.94455 -0.519041 0.0104901
1.97128 -0.527079 0.0118365
1.98853 -0.536563 0.0131165
2.01501 -0.544322 0.0150427
2.03256 -0.552967 0.0130134
2.06265 -0.55979 0.0134897
2.09977 -0.572706 0.0158065
2.13758 -0.586935 0.0165946
2.16599 -0.592742 0.0160369
2.18558 -0.601691 0.0161812
2.21679 -0.609701 0.0156516
2.24547 -0.617594 0.0140276
2.28065 -0.629034 0.0202083
2.31316 -0.644288 0.0141214
2.34925 -0.64913 0.0198054
2.37331 -0.658976 0.0165625
2.39661 -0.664005 0.0212369
2.41774 -0.675646 0.0174466
2.45319 -0.684333 0.0195851
2.48496 -0.693071 0.0225439
2.52159 -0.705135 0.0169486
2.54768 -0.713992 0.0218626
2.57712 -0.72229 0.0179243
2.6 -0.732386 0.0212905
2.63154 -0.739132 0.0197986
2.6586 -0.745455 0.0203552
2.69428 -0.756537 0.0231258
2.73367 -0.769028 0.026462
2.76489 -0.772636 0.021927
2.80162 -0.784074 0.0258047
2.82694 -0.793219 0.0227381
2.84786 -0.79426 0.0256434
2.87984 -0.802406 0.0253365
2.90234 -0.80819 0.0249246
2.93269 -0.8099 0.0267639
2.96331 -0.819668 0.0245282
3.0056 -0.823554 0.0259731
3.03956 -0.832251 0.0276773
3.08433 -0.838801 0.0269453
3.11343 -0.847522 0.0308645
3.13657 -0.853349 0.0280705
3.16674 -0.861526 0.0312498
3.20007 -0.865147 0.0271229
3.23939 -0.872828 0.0337041
3.27258 -0.882216 0.0324257
3.29613 -0.888699 0.0341629
3.32758 -0.895475 0.0313187
3.34886 -0.899561 0.0355141
3.37839 -0.904968 0.0331688
3.41621 -0.910652 0.0361961
3.46347 -0.919003 0.0380894
3.49733 -0.92457 0.0374751
3.52187 -0.927635 0.0367953
3.55828 -0.935244 0.0387664
3.58443 -0.939219 0.039054
3.61676 -0.943486 0.0367819
3.6424 -0.949134 0.0440254
3.6718 -0.951148 0.0401789
3.7031 -0.956163 0.043293
3.74329 -0.961194 0.0409958
3.78598 -0.967794 0.0480377
3.81644 -0.971412 0.0436498
3.84269 -0.972413 0.0472652
3.87649 -0.978428 0.0433999
3.89868 -0.980541 0.0472271
3.92787 -0.984292 0.0446457
3.95135 -0.985915 0.0485047
3.98921 -0.991447 0.0470071
4.03326 -0.994726 0.0525503
4.06912 -1.00004 0.0479284
4.10773 -1.00718 0.0484098
4.13494 -1.00348 0.0508051
4.16571 -1.00859 0.049526
4.18709 -1.01118 0.0512511
4.2191 -1.01221 0.0520064
4.26381 -1.01735 0.0543859
4.30651 -1.02301 0.0565691
4.33537 -1.02611 0.0536096
4.3553 -1.02903 0.0542192
4.38678 -1.03309 0.054237
4.41172 -1.03371 0.0567744
4.45493 -1.03879 0.0577094
4.5023 -1.04665 0.0592448
4.53719 -1.04542 0.0578912
4.56099 -1.04989 0.0604264
4.593 -1.05247 0.0573581
4.62941 -1.05239 0.0623952
4.67056 -1.05749 0.0596923
4.71145 -1.06126 0.0667556
4.74094 -1.06658 0.0592483
4.7731 -1.06501 0.0647478
4.80063 -1.06639 0.060943
4.83479 -1.06887 0.0675565
4.87638 -1.06879 0.0664238
4.91319 -1.07035 0.0668368
4.96316 -1.07582 0.0672992
5.00144 -1.07927 0.0693526
5.02898 -1.08272 0.0668707
5.05852 -1.08094 0.073392
5.08681 -1.08281 0.0669856
5.11054 -1.08386 0.0728219
5.14557 -1.09117 0.0720411
5.17157 -1.09904 0.0686996
5.19851 -1.10848 0.0731324
5.24159 -1.11369 0.0739523
5.28278 -1.1114 0.0763945
5.33322 -1.12267 0.0776977
5.38679 -1.13287 0.0790538
5.42036 -1.14471 0.0792613
5.44422 -1.15768 0.0798529
5.47893 -1.17669 0.0818771
5.52013 -1.1886 0.0830028
5.54721 -1.20791 0.0802534
5.5809 -1.22082 0.0842011
5.60661 -1.24343 0.0800431
5.63948 -1.26069 0.0847262
5.66634 -1.2817 0.0844067
5.70035 -1.30525 0.0843706
5.7264 -1.32347 0.086353
5.75852 -1.34807 0.0875598
5.78137 -1.37042 0.0868343
5.81161 -1.39626 0.088801
5.83542 -1.41806 0.0882112
5.86141 -1.44878 0.0898045
5.8842 -1.47413 0.0937662
5.91199 -1.50482 0.087119
5.93259 -1.53077 0.0918847
5.95964 -1.5599 0.0922738
5.9762 -1.58794 0.0936342
5.99819 -1.62029 0.0971939
6.01244 -1.6491 0.0934356
6.03497 -1.68094 0.0969465
6.05106 -1.71487 0.092882
6.07804 -1.75043 0.0963226
6.09473 -1.78647 0.0970496
6.11609 -1.82397 0.0989594
6.1361 -1.86145 0.101902
6.14816 -1.89634 0.101521
6.16074 -1.93186 0.100877
6.17346 -1.96476 0.102733
6.18844 -2.00025 0.106701
6.19323 -2.03415 0.106884
6.20642 -2.07302 0.107307
6.20962 -2.10882 0.106478
6.21383 -2.13481 0.107092
6.2195 -2.17405 0.10874
6.22459 -2.21316 0.110479
6.22945 -2.24628 0.105506
6.22849 -2.28353 0.107217
6.22779 -2.31885 0.11008
6.23806 -2.36026 0.110536
6.22682 -2.3924 0.110086
6.23419 -2.43204 0.11147
6.22346 -2.46438 0.109908
6.20252 -2.49663 0.112674
6.21408 -2.53057 0.110512
6.19703 -2.56542 0.111382
6.1923 -2.60088 0.111512
6.19468 -2.63771 0.113023
6.18223 -2.66883 0.114757
6.17649 -2.7008 0.110831
6.16288 -2.73142 0.113785
6.15865 -2.76684 0.113053
6.15357 -2.80066 0.113142
6.15016 -2.83462 0.11299
6.155 -2.8732 0.114647
6.14834 -2.90619 0.114581
6.14361 -2.93887 0.114067
6.13292 -2.97993 0.114685
6.12681 -3.00929 0.112261
6.11017 -3.0487 0.111774
6.09542 -3.0887 0.111087
6.08683 -3.1187 0.11339
6.07582 -3.16059 0.111931
6.0732 -3.19403 0.11374
6.07587 -3.23546 0.114712
6.07239 -3.26937 0.115582
6.06679 -3.31231 0.11485
6.05243 -3.34571 0.116532
6.04565 -3.38656 0.115636
6.03123 -3.41984 0.115367
6.02711 -3.46248 0.116938
6.02017 -3.49736 0.116221
6.02026 -3.53832 0.115006
6.01064 -3.57489 0.116445
6.00482 -3.61268 0.123309
6.00025 -3.64427 0.117755
5.99289 -3.68207 0.119949
5.98593 -3.71232 0.115979
5.97637 -3.75064 0.119726
5.96731 -3.78162 0.117667
5.95563 -3.82469 0.12041
5.94844 -3.85755 0.118253
5.93759 -3.90203 0.117665
5.92758 -3.93172 0.118484
5.92053 -3.97266 0.11682
5.91546 -3.99533 0.119368
5.91414 -4.00638 0.120212
5.90723 -4.01662 0.121959
5.9002 -4.04663 0.118237
5.89981 -4.08446 0.119615
5.90532 -4.13293 0.121384
5.89917 -4.18072 0.121225
5.88184 -4.22457 0.120874
5.88054 -4.26413 0.123084
5.87689 -4.30639 0.120982
5.868 -4.34404 0.127003
5.86357 -4.38925 0.121079
5.85383 -4.42704 0.129554
5.8457 -4.46518 0.123292
5.84835 -4.50807 0.125019
5.85101 -4.55161 0.124376
5.8419 -4.59135 0.126374
5.83411 -4.62509 0.127257
5.81873 -4.66462 0.124236
5.80655 -4.6984 0.126941
5.79897 -4.73995 0.12861
5.79563 -4.77833 0.132456
5.7896 -4.81691 0.124571
5.78231 -4.85542 0.132676
5.77492 -4.89474 0.124763
5.76314 -4.92991 0.134015
5.75034 -4.9695 0.13132
5.74518 -5.00338 0.129154
5.73958 -5.04377 0.130825
5.73893 -5.07701 0.129393
5.73055 -5.11402 0.130714
5.70982 -5.15118 0.132976
5.6897 -5.18779 0.135583
5.68902 -5.2149 0.133998
5.68174 -5.24603 0.137305
5.67544 -5.2865 0.134844
5.66636 -5.33718 0.136339
5.64648 -5.38672 0.136203
5.63062 -5.423 0.137745
5.60825 -5.45626 0.139579
5.58877 -5.48815 0.135721
5.56503 -5.51759 0.133231
5.54356 -5.5479 0.136637
5.51537 -5.58206 0.132779
5.49727 -5.60768 0.134237
5.46976 -5.63882 0.134187
5.43476 -5.66391 0.134704
5.41063 -5.69063 0.135965
5.37878 -5.71492 0.133156
5.35264 -5.73975 0.129536
5.32109 -5.76255 0.136165
5.28509 -5.78736 0.130588
5.25782 -5.80941 0.134943
5.22503 -5.82706 0.128371
5.1942 -5.84681 0.135841
5.15925 -5.86234 0.129548
5.13351 -5.8798 0.131332
5.0983 -5.89462 0.132725
5.07332 -5.91155 0.132675
5.03616 -5.922 0.131789
4.99996 -5.93282 0.131051
4.96782 -5.93873 0.128161
4.9273 -5.94949 0.12935
4.89633 -5.95977 0.129136
4.85459 -5.96398 0.127449
4.82161 -5.97326 0.129079
4.78402 -5.97467 0.127268
4.75129 -5.97711 0.12387
4.71673 -5.98554 0.128522
4.67771 -5.98484 0.125848
4.64258 -5.9828 0.122211
4.60727 -5.98409 0.119502
4.56149 -5.97964 0.120032
4.52929 -5.97709 0.12188
4.48326 -5.96951 0.117726
4.45446 -5.96559 0.119182
4.41434 -5.95719 0.118355
4.37497 -5.94931 0.117867
4.33018 -5.93071 0.115366
4.29374 -5.91624 0.112304
4.26457 -5.90125 0.112383
4.21756 -5.88725 0.114362
4.18546 -5.87646 0.111148
4.16077 -5.86927 0.110884
4.13091 -5.8574 0.107466
4.0944 -5.848 0.109033
4.06437 -5.83967 0.10735
4.0405 -5.8347 0.108256
4.00887 -5.82523 0.106786
3.96442 -5.81288 0.103518
3.93241 -5.805 0.100901
3.89519 -5.79296 0.102435
3.86963 -5.78494 0.0989123
3.83734 -5.77503 0.097604
3.80731 -5.76734 0.0960451
3.7658 -5.75821 0.095813
3.72423 -5.74976 0.0954394
3.69656 -5.73826 0.0938955
3.66494 -5.72416 0.0906411
3.63495 -5.72175 0.0980174
3.60164 -5.71001 0.0891538
3.56651 -5.70047 0.0964537
3.52469 -5.6893 0.0904452
3.48527 -5.6784 0.0951342
3.45332 -5.6688 0.0891559
3.423 -5.65969 0.0928227
3.39444 -5.6481 0.0878491
3.36275 -5.63894 0.0902707
3.33301 -5.63171 0.0870917
3.29402 -5.6189 0.086411
3.2548 -5.60598 0.0822833
3.22526 -5.5975 0.0854997
3.18861 -5.58668 0.082178
3.16071 -5.5784 0.0822339
3.13363 -5.57044 0.0815886
3.09778 -5.56044 0.0811643
3.07189 -5.55039 0.0798215
3.03157 -5.53996 0.0809556
2.99311 -5.53046 0.0826185
2.96671 -5.51875 0.0780399
2.93237 -5.50947 0.0803131
2.90675 -5.49852 0.0736712
2.871 -5.48926 0.0755643
2.83865 -5.47941 0.0738453
2.79165 -5.4677 0.0734057
2.75909 -5.45453 0.0738748
2.73264 -5.44975 0.0721377
2.70318 -5.43505 0.0749118
2.66743 -5.43055 0.0684629
2.62566 -5.41555 0.0722003
2.5923 -5.40672 0.068257
2.5691 -5.39821 0.0710916
2.53317 -5.39068 0.072854
2.49131 -5.37764 0.0644544
2.46661 -5.3706 0.0666587
2.44177 -5.36419 0.0687236
2.39694 -5.35117 0.0648697
2.36275 -5.34356 0.0669595
2.33825 -5.33483 0.0634386
2.29383 -5.32374 0.0608891
2.2632 -5.31719 0.0619696
2.24246 -5.30947 0.0626735
2.19063 -5.30186 0.0637149
2.17565 -5.29655 0.0630845
2.12717 -5.28706 0.0624752
2.102 -5.28089 0.0606982
2.0555 -5.27363 0.0610034
2.02535 -5.26918 0.0624157
1.99966 -5.26488 0.0602232
1.95247 -5.25799 0.0610096
1.93065 -5.25655 0.0578653
1.89882 -5.24978 0.0581324
1.8508 -5.24487 0.0561352
1.8276 -5.24079 0.058812
1.79015 -5.23669 0.0562399
1.75357 -5.23102 0.0544973
1.72675 -5.2265 0.0594005
1.69613 -5.22273 0.0498238
1.65272 -5.21769 0.0479549
1.62352 -5.2137 0.0481152
1.59524 -5.20992 0.0478853
1.5571 -5.20534 0.0477524
1.50894 -5.20194 0.0476537
1.48684 -5.19554 0.047784
1.45613 -5.19515 0.0456203
1.43175 -5.18795 0.0470904
1.39409 -5.18497 0.0460921
1.34339 -5.18081 0.0457503
1.31615 -5.17685 0.0428901
1.28876 -5.17288 0.0401076
1.26911 -5.16969 0.0423535
1.22891 -5.16524 0.0408052
1.19001 -5.16059 0.0388835
1.15904 -5.1568 0.0380736
1.12678 -5.15444 0.0375366
1.09356 -5.14722 0.0295488
1.0626 -5.14777 0.0338806
1.02341 -5.14167 0.0285245
0.991651 -5.14045 0.0354728
0.953724 -5.13515 0.031626
0.925149 -5.12819 0.0338639
0.888725 -5.12267 0.0302669
0.864624 -5.12011 0.0334061
0.831362 -5.11523 0.0286417
0.78722 -5.11193 0.0310722
0.741121 -5.10896 0.033649
0.707143 -5.10023 0.0327743
0.678876 -5.09922 0.0276284
0.650717 -5.09169 0.0346783
0.621898 -5.08905 0.027083
0.585481 -5.08104 0.0278176
0.543374 -5.08016 0.0303029
0.508678 -5.06968 0.0279074
0.475799 -5.0671 0.0255955
0.444349 -5.0609 0.0241028
0.412757 -5.05548 0.0221546
0.383185 -5.0524 0.0202007
0.346607 -5.04354 0.0215207
0.319323 -5.0427 0.0230073
0.281717 -5.03699 0.0214743
0.251232 -5.02915 0.0193148
0.209473 -5.02593 0.0196514
0.176622 -5.02232 0.0192929
0.14211 -5.0133 0.0250578
0.115558 -5.00988 0.0170132
0.0839689 -5.00751 0.0223374
0.0414776 -5.00014 0.019894
-0.000187543 -4.99386 0.0167794
-0.0337075 -4.9898 0.0204935
-0.0652423 -4.98714 0.0225238
-0.0913583 -4.97267 0.0187381
-0.120224 -4.97373 0.0196846
-0.159635 -4.9696 0.0195489
-0.205792 -4.95892 0.0177455
-0.238061 -4.95662 0.015118
-0.260998 -4.95439 0.0196628
-0.28635 -4.95141 0.0142781
-0.31769 -4.94457 0.0196248
-0.354625 -4.94242 0.0135995
-0.391284 -4.93503 0.017546
-0.418991 -4.93779 0.0154366
-0.459085 -4.93075 0.0209914
-0.497332 -4.92577 0.013592
-0.525403 -4.92213 0.0155533
-0.545175 -4.92009 0.0153753
-0.580762 -4.91594 0.0135411
-0.626693 -4.91366 0.0161482
-0.655116 -4.90611 0.0127158
-0.690332 -4.90468 0.0140579
-0.731577 -4.89668 0.0103414
-0.759628 -4.8929 0.0114581
-0.785463 -4.88795 0.0123739
-0.818302 -4.89122 0.0109739
-0.857257 -4.88649 0.00896242
-0.894635 -4.8814 0.0087595
-0.928026 -4.87405 0.0113299
-0.952698 -4.87438 0.00951954
-0.982635 -4.87451 0.00869579
-1.00712 -4.86667 0.00756224
-1.04782 -4.86405 0.00554697
-1.0893 -4.86186 0.00369996
-1.11851 -4.85556 0.00274939
-1.14505 -4.8475 0.00229449
-1.17185 -4.85273 0.00423789
-1.20786 -4.84723 0.000705802
-1.2437 -4.84137 -0.00252327
-1.27801 -4.8423 0.00579748
-1.30837 -4.83677 -0.00106277
-1.34078 -4.83383 0.00286224
-1.36729 -4.8285 0.000230024
-1.40642 -4.82711 -0.000701819
-1.43756 -4.82322 -0.00172275
-1.46805 -4.8187 -0.00231345
-1.50586 -4.81655 0.00143391
-1.53211 -4.81475 0.000482201
-1.56784 -4.80966 -0.00167205
-1.59697 -4.81219 0.00151274
-1.63621 -4.80606 -0.000959247
-1.67404 -4.80531 -0.0021973
-1.70402 -4.80053 -0.00230447
-1.7255 -4.79357 -0.00154856
-1.76347 -4.7933 -0.00195831
-1.80268 -4.78267 -0.00180931
-1.83403 -4.78152 -0.00466277
-1.85531 -4.77176 -0.00556754
-1.89173 -4.76752 -0.00657731
-1.93532 -4.7556 -0.00691552
-1.96025 -4.75159 -0.00440325
-1.9948 -4.74328 -0.00642106
-2.01532 -4.73457 -0.00601718
-2.05621 -4.72566 -0.00433144
-2.08211 -4.71527 -0.00567439
-2.10708 -4.70392 -0.0063647
-2.14327 -4.69015 -0.00589453
-2.17134 -4.67771 -0.0041965
-2.19964 -4.66484 -0.00249606
-2.22389 -4.6503 -0.00332218
-2.25665 -4.63043 -0.003139
-2.28226 -4.61464 -0.00642356
-2.31441 -4.5944 -0.00537476
-2.33829 -4.5768 -0.00919903
-2.36839 -4.55443 -0.00730345
-2.38919 -4.53446 -0.00978274
-2.41966 -4.51351 -0.0107332
-2.44068 -4.48964 -0.00824684
-2.4648 -4.46341 -0.0047471
-2.48589 -4.44349 -0.0112406
-2.50925 -4.41788 -0.00856273
-2.53372 -4.39525 -0.00768444
-2.55637 -4.36403 -0.00718704
-2.57271 -4.33778 -0.01267
-2.59752 -4.30702 -0.0094155
-2.62512 -4.27634 -0.0152476
-2.64311 -4.24887 -0.0111091
-2.6632 -4.21694 -0.0154673
-2.67462 -4.18919 -0.0128571
-2.69461 -4.1546 -0.0142162
-2.70633 -4.12681 -0.0107285
-2.72151 -4.09409 -0.0165877
-2.7278 -4.06465 -0.0133014
-2.73668 -4.03562 -0.0175343
-2.746 -4.0025 -0.0139125
-2.75591 -3.97004 -0.0161447
-2.77029 -3.93796 -0.0169512
-2.77286 -3.90186 -0.0156803
-2.78026 -3.87381 -0.0179525
-2.77757 -3.83625 -0.0156588
-2.78263 -3.78632 -0.017426
-2.77787 -3.72727 -0.016402
-2.77569 -3.67698 -0.0171372
-2.77417 -3.64729 -0.0165671
-2.78154 -3.62077 -0.0172938
-2.78475 -3.59862 -0.0184374
-2.78439 -3.57364 -0.0182394
-2.78699 -3.54943 -0.0185015
-2.79117 -3.51583 -0.0217522
-2.79554 -3.48879 -0.0194807
-2.7996 -3.44976 -0.0189215
-2.80092 -3.42142 -0.0202391
-2.80477 -3.38396 -0.0196935
-2.80638 -3.35314 -0.0195146
-2.80229 -3.31806 -0.0208669
-2.79992 -3.28254 -0.0233257
-2.80802 -3.24483 -0.02234
-2.80715 -3.21221 -0.0194442
-2.79387 -3.17944 -0.0213903
-2.79324 -3.15362 -0.0203127
-2.78292 -3.12142 -0.0238658
-2.77417 -3.08742 -0.0249691
-2.78155 -3.0565 -0.0257482
-2.78896 -3.03175 -0.0262257
-2.78518 -3.00194 -0.0232873
-2.77287 -2.97233 -0.0245369
-2.76951 -2.93953 -0.0274982
-2.76965 -2.91057 -0.0264887
-2.76945 -2.87776 -0.0190929
-2.77284 -2.84683 -0.0228937
-2.77041 -2.81633 -0.023189
-2.77244 -2.77881 -0.0235717
-2.76711 -2.74951 -0.0272315
-2.75997 -2.71905 -0.0219943
-2.7509 -2.68538 -0.0251614
-2.74714 -2.65456 -0.0218357
-2.74181 -2.61718 -0.0283565
-2.73531 -2.58997 -0.024974
-2.73421 -2.55345 -0.0297805
-2.72876 -2.52067 -0.026542
-2.73116 -2.48895 -0.0264874
-2.72604 -2.45666 -0.026652
-2.73053 -2.41822 -0.0253896
-2.73143 -2.391 -0.0269093
-2.73006 -2.3513 -0.026355
-2.73206 -2.32444 -0.0337238
-2.72542 -2.28662 -0.0269656
-2.72214 -2.25312 -0.0279919
-2.70902 -2.22086 -0.0277619
-2.70962 -2.18578 -0.0286386
-2.71819 -2.16024 -0.0262325
-2.72743 -2.12133 -0.0265694
-2.72434 -2.08942 -0.0294622
-2.71236 -2.05721 -0.026692
-2.71232 -2.03065 -0.0231946
-2.73076 -1.99537 -0.0279341
-2.73889 -1.96045 -0.0302859
-2.72669 -1.92489 -0.0269084
-2.72946 -1.894 -0.0281463
-2.73013 -1.85995 -0.0266705
-2.73118 -1.82306 -0.0291933
-2.74258 -1.79126 -0.0306796
-2.74322 -1.75703 -0.0313532
-2.75298 -1.73087 -0.0320871
-2.75408 -1.69604 -0.0300979
-2.76243 -1.66729 -0.0324868
-2.77529 -1.63283 -0.032235
-2.77587 -1.60271 -0.0334137
-2.78552 -1.56952 -0.031891
-2.7943 -1.54277 -0.0306978
-2.80129 -1.46949 -0.0312593
-2.82098 -1.50201 -0.0286689
-2.83431 -1.52256 -0.0267618
-2.82847 -1.38235 -0.029198
-2.84074 -1.41775 -0.0271182
-2.85584 -1.44252 -0.0238835
-2.8463 -1.30647 -0.0262168
-2.85676 -1.32979 -0.0294829
-2.86902 -1.35282 -0.0272522
-2.87151 -1.25669 -0.0314665
-2.87322 -1.22589 -0.0321691
-2.87754 -1.1926 -0.0333692
-2.8818 -1.16438 -0.0261553
-2.88936 -1.13239 -0.0339924
-2.88641 -1.10111 -0.0325182
-2.89641 -1.06632 -0.0342776
-2.89686 -1.03233 -0.0295148
-2.90334 -1.00222 -0.0296742
-2.89586 -0.964659 -0.0298026
-2.90283 -0.929982 -0.0290792
-2.90684 -0.895927 -0.0269566
-2.90522 -0.869889 -0.0331054
-2.91029 -0.8375 -0.0312511
-2.91429 -0.804931 -0.0297096
-2.90928 -0.784015 -0.0294747
-2.91053 -0.75354 -0.0303163
-2.90282 -0.71639 -0.0307077
-2.89415 -0.686477 -0.0302028
-2.90031 -0.650857 -0.0356057
-2.8965 -0.62159 -0.0334872
-2.90185 -0.587375 -0.0325988
-2.89787 -0.557624 -0.0338527
-2.88241 -0.525901 -0.031922
-2.88145 -0.498688 -0.0329008
-2.87717 -0.470415 -0.0314384
-2.88353 -0.435865 -0.0317888
-2.87934 -0.392406 -0.0289587
-2.85709 -0.340733 -0.031655
-2.84239 -0.300052 -0.0345306
-2.8158 -0.256725 -0.0294157
-2.81482 -0.223759 -0.0324356
-2.80049 -0.196858 -0.0335318
-2.79569 -0.17325 -0.0323545
-2.77421 -0.139942 -0.0331964
-2.76237 -0.112832 -0.0333719
-2.74117 -0.0830987 -0.0353653
-2.72831 -0.0549356 -0.0336205
-2.70591 -0.0303648 -0.0335633
-2.69169 -0.00401568 -0.03864
-2.66963 0.0162848 -0.0332915
-2.65215 0.0440611 -0.0397462
-2.63104 0.063634 -0.036712
-2.61208 0.0838603 -0.0331077
-2.58973 0.106338 -0.0385853
-2.57104 0.125242 -0.0368275
-2.541 0.150451 -0.0355141
-2.51399 0.163056 -0.0373021
-2.49265 0.184399 -0.0363723
-2.46064 0.20198 -0.0389091
-2.43644 0.213204 -0.0353621
-2.41258 0.232978 -0.0395889
-2.39447 0.241158 -0.0377783
-2.37336 0.251658 -0.0348877
-2.34931 0.255715 -0.03833
-2.32317 0.256304 -0.030718
-2.30192 0.251558 -0.0345531
-2.27801 0.258159 -0.0313718
-2.25219 0.274153 -0.0338898
-2.22479 0.281663 -0.028957
-2.20194 0.295114 -0.0333574
-2.17527 0.300244 -0.0291671
-2.15072 0.314525 -0.0355369
-2.11776 0.322888 -0.0272125
-2.09252 0.332446 -0.0331213
-2.06139 0.341396 -0.0290325
-2.03732 0.342654 -0.0307484
-2.014 0.356411 -0.0326679
-1.98719 0.359078 -0.0302204
-1.96095 0.358096 -0.0325966
-1.9321 0.358068 -0.033221
-1.91157 0.365673 -0.0320981
-1.88132 0.369152 -0.0299384
-1.85862 0.370445 -0.0333032
-1.82974 0.374011 -0.0280834
-1.80516 0.378721 -0.0295971
-1.7828 0.373913 -0.0286574
-1.75776 0.379325 -0.0312055
-1.73878 0.374713 -0.0281299
-1.71262 0.374261 -0.0293656
-1.69014 0.365207 -0.0252507
-1.66152 0.372075 -0.0293696
-1.63756 0.363942 -0.0288289
-1.62055 0.363406 -0.0303619
-1.59514 0.355409 -0.0258646
-1.56452 0.356865 -0.0303097
-1.54176 0.355316 -0.0270615
-1.52583 0.357223 -0.0300918
-1.4917 0.365462 -0.0282258
-1.46903 0.356879 -0.0277397
-1.44405 0.359117 -0.0268024
-1.42525 0.351204 -0.0283246
-1.4006 0.349557 -0.0246841
-1.38705 0.343969 -0.028466
-1.36079 0.342023 -0.0278296
-1.33775 0.341159 -0.0269226
-1.30634 0.332311 -0.0280055
-1.28481 0.328861 -0.0282634
-1.26282 0.325778 -0.029316
-1.2415 0.315694 -0.0236128
-1.22032 0.311943 -0.0280566
-1.19371 0.310956 -0.0253281
-1.1665 0.302718 -0.027188
-1.1425 0.302348 -0.0270837
-1.11363 0.293143 -0.029575
-1.09349 0.288773 -0.0262692
-1.07298 0.280401 -0.0280276
-1.05242 0.280824 -0.0272484
-1.03081 0.269112 -0.0293354
-0.997196 0.266056 -0.0285593
-0.972014 0.258933 -0.0277507
-0.94471 0.25199 -0.0295294
-0.928281 0.251273 -0.0278318
-0.905383 0.243128 -0.0282548
-0.887406 0.235249 -0.027576
-0.860085 0.229748 -0.0261505
-0.841583 0.223247 -0.0279318
-0.814514 0.2176 -0.0273155
-0.785649 0.211456 -0.026582
-0.76378 0.212145 -0.0248221
-0.737321 0.211512 -0.0217414
-0.720898 0.205319 -0.0232545
-0.693188 0.201192 -0.023884
-0.676135 0.198371 -0.0221274
-0.655807 0.193188 -0.0181763
-0.636856 0.190478 -0.0271033
-0.607447 0.184769 -0.0227714
-0.584639 0.185422 -0.0205163
-0.554821 0.17687 -0.0209081
-0.535103 0.178518 -0.0184856
-0.505934 0.171427 -0.0183769
-0.484674 0.166812 -0.0188901
-0.454011 0.165935 -0.0180441
-0.439308 0.164325 -0.0191258
-0.414136 0.159739 -0.0175406
-0.390759 0.153559 -0.0171626
-0.36595 0.158684 -0.0175966
-0.345698 0.148756 -0.0163219
-0.325519 0.151509 -0.0176731
-0.297245 0.144761 -0.0179394
-0.274626 0.144584 -0.0139871
-0.24404 0.138979 -0.0169456
-0.223922 0.140764 -0.0171826
-0.203254 0.142495 -0.0177615
-0.184458 0.140728 -0.0148427
-0.161989 0.134679 -0.0159835
-0.142545 0.134668 -0.0192601
-0.117143 0.129425 -0.0121588
-0.0982292 0.125459 -0.0134729
-0.0712019 0.126642 -0.0144415
-0.0529208 0.119718 -0.0120679
-0.0264799 0.121125 -0.0101709
-0.00832455 0.113017 -0.0122278
0.0143127 0.114849 -0.0119749
0.0299417 0.108654 -0.0122682
0.051174 0.109207 -0.0157123
0.0705718 0.0993813 -0.0107834
0.0915665 0.100737 -0.0121536
0.117727 0.0954814 -0.00831422
0.137965 0.0929717 -0.0130429
0.162768 0.0876612 -0.00974698
0.178746 0.0880784 -0.0105712
0.201464 0.0813608 -0.0111421
0.215266 0.0822056 -0.0132839
0.236102 0.0772645 -0.00904227
0.246802 0.0769587 -0.0130911
0.261544 0.073138 -0.00801622
0.260715 0.0752962 -0.0114671
0.264796 0.0718791 -0.0117945
0.259439 0.0755815 -0.0109805
0.263656 0.0732475 -0.0111576
0.258703 0.0760873 -0.0112331
0.263031 0.0741999 -0.010819
0.261168 0.0785322 -0.0106929
0.261969 0.0725141 -0.0113445
0.261357 0.076724 -0.0113273
0.263307 0.0718806 -0.0113003
0.261176 0.0766878 -0.0107694
0.262099 0.0726453 -0.0111142
0.261007 0.0779404 -0.0109727
0.261361 0.0735857 -0.011445
0.261622 0.0787309 -0.0113674
0.261027 0.0740224 -0.0120572
0.261513 0.0784764 -0.0111629
0.259251 0.0738849 -0.011526
0.263004 0.0771516 -0.010696
0.260436 0.0733846 -0.0111866
0.262868 0.0777723 -0.0111633
0.260024 0.0736992 -0.0112695
0.264536 0.0767666 -0.0107164
0.259982 0.0740378 -0.0112659
0.264816 0.0770393 -0.0106841
0.260268 0.0744227 -0.0115573
0.2652 0.0767311 -0.0106133
0.259501 0.074516 -0.0112117
0.264472 0.0766652 -0.0108796
0.259595 0.0740535 -0.0109779
0.265019 0.0768927 -0.011059
0.260009 0.0743519 -0.0110924
0.264933 0.0768931 -0.0109517
0.260245 0.0740116 -0.0112783
0.264694 0.0765199 -0.0107793
0.259998 0.0736918 -0.011317
0.264644 0.0771494 -0.010532
0.260242 0.0734652 -0.0113165
0.264369 0.0774686 -0.0108335
0.260625 0.0736444 -0.0108966
0.26387 0.0776081 -0.0107031
0.260345 0.073359 -0.0110115
0.263837 0.0773594 -0.0106385
0.261128 0.0736486 -0.0109985
0.263824 0.0777085 -0.010669
0.261854 0.0733568 -0.0112247
0.262098 0.0780458 -0.0105915
0.262718 0.0731119 -0.0110294
0.262724 0.07763 -0.0107007
0.262293 0.0727505 -0.0112971
0.262013 0.0774767 -0.0105071
0.261971 0.0729593 -0.0113218
0.261574 0.0778957 -0.0111064
0.262351 0.073355 -0.0113057
